% Model:              双层结构非对称测试_仿照optic_左右手性相同_CPA_辐射_purcell.mph
% Version:            COMSOL 6.4.0.293
% Date:               Jun 27 2026, 20:07
% Table:              表格 64 {tbl64} - 全局计算 6 {gev6}
% freq (Hz)              Ez1/(1e-4[W]) (1)        Ez0/(1e-4[W]) (1)        Ez_1/(1e-4[W]) (1)       Ef1/(1e-4[W]) (1)        Ef0/(1e-4[W]) (1)        Ef_1/(1e-4[W]) (1)
2552.5                   94.01404201336405        30.0892143047545         23.565092842500476       2.796510811365216        5.263450712122228        5.658477838976937
2553.5                   95.04343096671218        29.694984607590744       23.398075301408447       3.030876684711686        5.221389652708543        5.5172573756161185
2554.5                   96.1399434926825         29.307913148632604       23.226671444703364       3.2914268787094274       5.182653575450426        5.379732275380173
2555.5                   97.3062394538109         28.927386607923356       23.050220394612285       3.580304223238915        5.147283546075216        5.2457261963936626
2556.5                   98.54510996366706        28.552774644520163       22.868017868168415       3.899859109959943        5.115327697297053        5.115066422219854
2557.5                   99.85947234949167        28.183426146447182       22.679312598573993       4.252668665537088        5.086841415099706        4.987583031747202
2558.5                   101.25236228229151       27.818665232156288       22.483302654585838       4.6415574454484005       5.061887491631238        4.863108053692793
2559.5                   102.72692236557027       27.45778698872668        22.279131697778322       5.069619655435245        5.04053623077725         4.74147460174648
2560.5                   104.28638633101266       27.100052936618557       22.065885234067938       5.540242864996077        5.0228654893158575       4.622515986769763
2561.5                   105.93405781939437       26.74468621710065        21.84258693693036        6.057133117667658        5.008960631814619        4.506064803857499
2562.5                   107.67328252852563       26.390866508795916       21.6081951461266         6.624341263013434        4.9989143724939025       4.3919519931869715
2563.5                   109.50741228235034       26.037724691606478       21.361599679196036       7.246290228529906        4.992826470831948        4.2800058756457355
2564.5                   111.43975931464416       25.684337294956766       21.101619134139053       7.927802809892567        4.990803240295397        4.1700511667809455
2565.5                   113.47353876588306       25.329720790542844       20.82699891235878        8.674129376569088        4.99295682076803         4.061907976084403
2566.5                   115.61179706778748       24.97282582043721        20.53641025340178        9.490974658326568        4.9994041550477135       3.9553908028274494
2567.5                   117.85732353318328       24.61253149223117        20.22845064761289        10.38452248298194        5.010265597884878        3.850307545987302
2568.5                   120.21254210088104       24.247639923677692       19.901646083018914       11.361456968860672       5.025663072866183        3.746458552597005
2569.5                   122.6793798099767        23.87687128461256        19.55445568808861        12.428978218854393       5.045717677536855        3.64363573883806
2570.5                   125.25910823428866       23.498859664871883       19.185279454614104       13.5948100088224         5.070546621542452        3.5416218294082324
2571.5                   127.9521538268182        23.112150195988757       18.79246986391576        14.867196295630034       5.100259366015809        3.440189775518969
2572.5                   130.75787297326616       22.715197974306793       18.374348392333026       16.254882586186177       5.1349528170932395       3.339102429021224
2573.5                   133.67428760928428       22.306369474738236       17.929228034080058       17.767077306088822       5.17470541294663         3.2381125709465675
2574.5                   136.6977776377027        21.88394730657501        17.455443141198607       19.413387301430188       5.219569935162821        3.136963416473459
2575.5                   139.82272723038648       21.44613934412052        16.95138802667177        21.20372053214147        5.269564875003588        3.035389745066645
2576.5                   143.0411236098369        20.991093456642556       16.415565884422556       23.14814793834391        5.324664198029008        2.93311983275482
2577.5                   146.34210929584668       20.51691925237953        15.846649615997102       25.256715485966204       5.384785382387606        2.829878392167895
2578.5                   149.71149234085462       20.021718417687516       15.243556072139336       27.539196694597848       5.4497756656141005       2.725390750927123
2579.5                   153.13122402884375       19.503625343392066       14.605534959136856       30.004775749656762       5.519396530169448        2.6193885167793334
2580.5                   156.57886013451858       18.960859739037634       13.932273150934014       32.66165192746414        5.593306600007844        2.511616980872645
2581.5                   160.02703029034475       18.391792783593992       13.224014304519518       35.51655791742202        5.671043319286736        2.401844490791115
2582.5                   163.4429502840304        17.795027969672603       12.481692410018159       38.574188197150306       5.752004045778965        2.2898739708775206
2583.5                   166.78802388346878       17.16949708606876        11.70707614305209        41.83653941711027        5.835427520566553        2.175556666714181
2584.5                   170.01759328121173       16.51457066053594        10.902918585378966       45.30217325392438        5.920377060270282        2.0588080307426284
2585.5                   173.08090905655527       15.830180585543557       10.073104069718104       48.965423694720904       6.005727238827369        1.939625435892688
2586.5                   175.9213994916747        15.116950549743592       9.22278073168193         52.815585132897134       6.090156235186458        1.8181071008354417
2587.5                   178.47732219639926       14.376327356308572       8.358464115323763        56.83613431586374        6.17214635285768         1.6944712406918212
2588.5                   180.6828747112791        13.61070340885615        7.488094374942448        61.00405653834673        6.2499953702830915       1.5690740471469673
2589.5                   182.46982138208347       12.823517925892705       6.6210279366797          65.28936195408778        6.3218412427562          1.442424700062094
2590.5                   183.76965835448323       12.019322319450996       5.767944762815607        69.65488788399527        6.385702130176052        1.315195292946493
2591.5                   184.5162860235436        11.203794291732013       4.940655447482489        74.0564832419057         6.439532680854726        1.1882234114526151
2592.5                   184.64909098732343       10.383686261280207       4.151798898756733        78.4436574576742         6.481295939296755        1.0625052394731427
2593.5                   184.11626423559466       9.566697293565356        3.414431469578963        82.76074559595767        6.509048250404268        0.9391775657694885
2594.5                   182.8781103744264        8.761264006386012        2.7415214571745388       86.94859347843813        6.521032329676333        0.8194879618910205
2595.5                   180.91004907372084       7.9762746132515705       2.1453773316443145       90.94670520813924        6.515771613682276        0.704753654429926
2596.5                   178.2049901910613        7.2207203458765274       1.6370514666517861       94.69572867852212        6.492157539754078        0.5963110786181003
2597.5                   174.77479011073584       6.503308325744472        1.2257706657533245       98.14009416952346        6.449520953263708        0.4954595406638664
2598.5                   170.6505726376722        5.832067568910482        0.9184477906076559       101.23058001266439       6.387679693711742        0.4034035479899279
2599.5                   165.88181612017908       5.213983393749243        0.7193237269108645       103.9265684804179        6.306956597543682        0.3211989227974708
2600.5                   160.53425115109295       4.654693933545156        0.6297758773670684       106.19777985950707       6.208165400053416        0.2497076263326067
2601.5                   154.6867546483253        4.158275702118881        0.6483103156424769       108.0253306804996        6.092565771180056        0.1895652768234775
2602.5                   148.42753988140822       3.7271343724640196       0.7707331045386095       109.40204316405463       5.961792290904243        0.14116380364294734
2603.5                   141.85000777975324       3.362004159922858        0.9904760873723272       110.33202180194077       5.817764907372102        0.10464983766857791
2604.5                   135.04863371778393       3.0620468534649317       1.299037230235373        110.8295932733451        5.6625898860563035       0.07993764046629447
2605.5                   128.1152198233686        2.825031717958207        1.6864874976821742       110.91776445983322       5.498460316843238        0.06673393107192208
2606.5                   121.13576008151796       2.647571525194619        2.1419957198952697       110.62638311733242       5.327564072947694        0.06457107646733502
2607.5                   114.18806389992751       2.5253882083722288       2.654328809719765        109.99018660242855       5.1520051018377755       0.07284482642486385
2608.5                   107.34018298747519       2.453583545149681        3.2122948502771407       109.0469013615884        4.973741553148011        0.09085302367081104
2609.5                   100.6496014986944        2.4268947653637967       3.8051085243933067       107.83551825656313       4.794541951237183        0.11783235126225841
2610.5                   94.16308893724849        2.439920770569189        4.4226699194953385       106.39482533381405       4.6159587161309386       0.15299100636018464
2611.5                   87.91708130575769        2.4873105900263415       5.055757399601108        104.76223796656107       4.4393169899157          0.19553604556441997
2612.5                   81.93844552132533        2.56391094400046         5.696142232744268        102.97293149519099       4.265715958007132        0.24469490882149253
2613.5                   76.24548949322813        2.6648738734391415       6.336636894944577        101.05925597385696       4.096039592959651        0.29973122683123554
2614.5                   70.8490989838393         2.785728185811882        6.971090786438348        99.05039662236693        3.9309738648457975       0.3599554287465981
2615.5                   65.75390655496327        2.9224200553246487       7.59434706733042         96.97223587066563        3.771027821114068        0.42473090507008116
2616.5                   60.9594229967436         3.0713287268230705       8.202173069110623        94.8473715390428         3.616556417998926        0.49347657640264914
2617.5                   56.46108464619555        3.2292631788735764       8.791174821834376        92.69524868218724        3.4677834924595117       0.5656667110193853
2618.5                   52.25118930415031        3.393445058507868        9.358704082865877        90.53236809902363        3.324823736746887        0.6408287599917171
2619.5                   48.319708501872924       3.5614824229126048       9.902764158027342        88.37254106517628        3.1877029428034183       0.7185398689079358
2620.5                   44.65497478554931        3.73133796807029         10.421918942788588       86.2271664666575         3.0563761080495224       0.7984226029108559
2621.5                   41.24425001761615        3.9012945953804805       10.915208061537387       84.10551259894886        2.9307432379817757       0.8801403023440734
2622.5                   38.07418513172824        4.069920426423238        11.382069762878608       82.01499111947639        2.810662853357616        0.9633923786976321
2623.5                   35.13118403177762        4.2360347490652055       11.82227231642221        79.96141490324271        2.695963323338029        1.0479097691040904
2624.5                   32.401685024867696       4.398675873462913        12.235854008286527       77.94923487218503        2.5864522130845886       1.1334506934340323
2625.5                   29.87237284943478        4.557071484570542        12.623071399268033       75.98175335526517        2.4819238678131375       1.2197968000964263
2626.5                   27.530333401778083       4.7106117860460515       12.984355242939436       74.06131331756944        2.382165464796501        1.3067497431337538
2627.5                   25.36316197551826        4.858825520856406        13.32027331718914        72.18946401263534        2.286961758623947        1.394128201633002
2628.5                   23.35903441286966        5.001358810601547        13.631499367264952       70.36710439333297        2.1960987294059624       1.4817653306335163
2629.5                   21.5067491574482         5.1379566629513445       13.918787361203947       68.59460606915789        2.109366322694082        1.5695066182570874
2630.5                   19.79574687723999        5.268446941832313        14.182950299993255       66.87191781847392        2.0265604471148615       1.6572081151186693
2631.5                   18.216113136759066       5.3927265678352105       14.42484288738915        65.19865372048794        1.9474843729345537       1.7447349974350652
2632.5                   16.758568556491266       5.510749708175204        14.645347437912966       63.57416692101155        1.8719496529939335       1.8319604236291398
2633.5                   15.414450007856376       5.6225177202053676       14.845362478027146       61.99761092804236        1.7997766679853457       1.9187646446011495
2634.5                   14.175685644244753       5.728070625214571        15.02579357017591        60.46799017774874        1.730794880369497        2.0050343295528177
2635.5                   13.034765950017647       5.827479906875953        15.18754595928978        58.98420143919569        1.6648428662353232       2.0906620718340285
2636.5                   11.984712483678255       5.9208424481935875       15.331518704563452       57.545067449765185       1.6017681813096254       2.175546042276441
2637.5                   11.019045582754588       6.008275441363009        15.458600015614028       56.14936400271994        1.5414271064002976       2.259589760757215
2638.5                   10.131751971471237       6.089912124736466        15.569663561130492       54.795841549294096       1.4836843083860782       2.3427019600018153
2639.5                   9.317252953238837        6.165898219904197        15.665565560214725       53.48324223102372        1.428412445306321        2.4247965188734235
2640.5                   8.570373667348543        6.2363889591417          15.747142502298745       52.21031312732261        1.375491737787648        2.505792445464095
2641.5                   7.8863137318383965       6.301546609153685        15.815209371618142       50.97581638718532        1.324809524099213        2.5856138932112183
2642.5                   7.260619473539384        6.361538410780809        15.87055827693441        49.77853681140033        1.2762598117646553       2.6641901958879615
2643.5                   6.689157855018233        6.41653486668613         15.913957407816588       48.6172873634216         1.2297428356664004       2.7414559098263385
2644.5                   6.168092139776292        6.466708319582658        15.94615025555284        47.49091301060368        1.1851646295424199       2.8173508539056233
2645.5                   5.693859287125814        6.512231772746042        15.967855049902198       46.39829323071162        1.142436615955543        2.8918201398374106
2646.5                   5.26314903267302         6.553277912451652        15.979764374039068       45.33834346350768        1.1014752179930154       2.9648141870644262
2647.5                   4.872884585728948        6.590018298698574        15.982544928208558       44.31001573817114        1.0622014946993041       3.0362887181234974
2648.5                   4.520204859149476        6.622622696270394        15.976837419532705       43.312298667645166       1.0245408011975954       3.106204731743853
2649.5                   4.202448137489018        6.651258522830854        15.963256559989428       42.344216964993024       0.9884224737309286       3.1745284519865216
2650.5                   3.9171370850099763       6.676090395106601        15.94239115922708        41.40483061000799        0.9537795392694749       3.2412312529310445
2651.5                   3.6619649938436316       6.697279757112041        15.914804300842835       40.49323376741699        0.9205484488400495       3.306289559006293
2652.5                   3.4347831744856228       6.7149845775767165       15.881033593669002       39.60855353989012        0.8886688335585197       3.369684721957066
